2
A11
3
Math
Physics
History
10
Tim
3 1 2 4
3 3 4 5 
7 2 3 4 5 6 6 7
Kim
2 2 3
4 1 3 5 7
6 2 3 4 5 5 3
John
1 2
6 2 4 5 6 2 5
8 1 3 4 5 6 7 7 4
Lucy
3 1 2 3
5 2 3 4 5 2
7 1 2 3 4 5 6 7
James
2 2 3
6 1 2 3 5 6 7
4 2 3 4 2
Mike
3 2 3 4
6 1 2 3 4 5 2
5 2 3 4 5 4
Sophie
2 1 2
4 1 3 4 4
7 2 3 4 5 6 7 8
Eve
1 2
5 1 2 3 4 2
6 2 3 4 5 6 2
Peter
2 1 2
4 1 2 3 4
5 2 3 4 2 5
Mary
3 2 3 5
6 1 2 3 4 5 5
5 3 4 5 5 6
8B
3
Russian
English
Art
11
Ann
2 2 3
4 1 2 3 4
5 2 3 4 5 5
Tom
1 2
5 1 2 3 4 6
6 2 3 4 5 6 7
Jane
3 1 2 3
5 2 3 4 5 6 
6 1 2 3 4 5 7
Chris
2 2 3
4 1 3 4 5
6 2 3 4 6 7 8
Emma
3 1 2 3
6 1 2 3 4 5 6
5 2 3 4 5 4
Lily
2 1 2
5 1 2 3 4 4
4 2 3 4 4
Anna
2 2 3
4 1 2 3 5
7 2 3 4 5 6 6 8
Alex
1 2
6 2 3 4 5 5 7
7 1 2 3 4 5 6 7
Ben
3 1 2 3
5 2 3 4 5 5
6 1 2 3 4 5 5
Rose
2 1 2
5 1 2 3 4 5
5 2 3 4 5 5 5
Sam
2 2 3
4 1 3 4 5
3 2 3 4